5 2 1
8 3 2
9 4 1
11 5 1
12 5 2
13 6 1
13 5 3
16 7 2
23 9 5
23 8 7
24 9 6
25 12 1
25 11 3
27 10 7
29 13 3
29 10 9
30 13 4
36 15 6
37 14 9
40 19 2
40 17 6
40 15 10
45 17 11
46 17 12
47 21 5
47 20 7
47 16 15
48 21 6
51 23 5
51 22 7
52 25 2
53 21 11
55 21 13
59 27 5
59 23 13
60 29 2
60 25 10
60 23 14
62 25 12
63 28 7
65 32 1
65 28 9
66 31 4
66 23 20
67 30 7
71 28 15
72 27 18
73 35 3
73 31 11
76 27 22
78 29 20
80 35 10
81 31 19
83 38 7
83 31 21
85 41 3
85 38 9
86 37 12
89 35 19
90 39 12
93 34 25
94 45 4
95 33 29
96 47 2
97 40 17
99 38 23
103 48 7
103 40 23
107 46 15
107 42 23
108 53 2
108 45 18
108 41 26
109 45 19
109 38 33
110 41 28
111 52 7
111 41 29
114 47 20
116 45 26
116 43 30
117 49 19
117 41 35
118 45 28
120 57 6
120 51 18
120 45 30
123 46 31
124 55 14
129 52 25
130 63 4
131 62 7
134 45 44
136 51 34
137 59 19
141 50 41
144 63 18
145 68 9
145 63 19
145 59 27
145 56 33
146 67 12
149 69 11
151 60 31
152 75 2
153 56 41
155 63 29
155 62 31
155 59 37
156 75 6
156 71 14
156 65 26
158 61 36
159 77 5
163 74 15
163 63 37
164 67 30
164 65 34
165 73 19
172 71 30
176 87 2
180 87 6
180 75 30
180 69 42
181 82 17
188 71 46
189 70 49
190 81 28
190 77 36
191 85 21
191 65 61
194 83 28
200 95 10
200 85 30
200 75 50
202 95 12
205 98 9
205 86 33
205 81 43
205 78 49
205 77 51
209 103 3
210 91 28
211 87 37
211 78 55
213 101 11
213 74 65
215 104 7
216 81 54
218 79 60
219 79 61
220 101 18
223 85 53
225 112 1
226 91 44
227 90 47
227 79 69
228 81 66
229 105 19
229 90 49
233 95 43
233 79 75
235 102 31
235 99 37
235 91 53
236 97 42
237 94 49
239 104 31
240 119 2
240 105 30
243 110 23
243 103 37
244 105 34
244 99 46
249 88 73
250 99 52
251 118 15
251 103 45
251 95 61
253 115 23
253 105 43
253 93 67
254 125 4
254 93 68
256 127 2
257 87 83
260 123 14
261 130 1
261 97 67
263 128 7
263 108 47
265 103 59
265 92 81
268 119 30
268 99 70
270 117 36
271 120 31
271 105 61
272 119 34
275 106 63
276 131 14
279 133 13
281 140 1
281 95 91
283 123 37
283 111 61
284 115 54
285 118 49
285 113 59
288 141 6
290 107 76
291 130 31
292 125 42
293 125 43
299 142 15
300 139 22
300 125 50
300 115 70
305 131 43
309 154 1
309 142 25
313 155 3
316 107 102
317 154 9
317 114 89
317 109 99
324 145 34
324 137 50
324 135 54
324 123 78
325 146 33
326 145 36
326 133 60
327 121 85
328 161 6
330 143 44
330 123 84
332 129 74
335 153 29
337 156 25
337 115 107
341 118 105
342 169 4
342 145 52
342 137 68
342 125 92
345 139 67
348 135 78
348 129 90
349 129 91
354 135 84
355 174 7
355 126 103
356 157 42
357 161 35
357 154 49
359 133 93
360 171 18
360 153 54
360 135 90
363 179 5
363 130 103
365 169 27
365 162 41
365 142 81
365 133 99
365 122 121
369 124 121
373 130 113
375 173 29
377 167 43
377 144 89
382 189 4
382 177 28
382 161 60
388 163 62
389 133 123
391 140 111
395 147 101
396 193 10
397 185 27
398 189 20
400 197 6
400 175 50
401 160 81
402 135 132
403 170 63
403 166 71
407 149 109
408 153 102
410 191 28
415 189 37
415 161 93
418 159 100
419 179 61
419 155 109
420 203 14
420 161 98
421 198 25
421 170 81
421 150 121
430 149 132
431 205 21
432 189 54
435 163 109
436 151 134
439 173 93
439 148 143
440 209 22
440 187 66
441 196 49
443 190 63
443 183 77
445 194 57
449 172 105
450 223 4
454 173 108
456 225 6
457 204 49
459 155 149
461 162 137
462 161 140
463 204 55
463 193 77
467 199 69
468 225 18
468 213 42
468 195 78
470 197 76
474 183 108
475 234 7
475 203 69
477 209 59
477 161 155
480 235 10
482 235 12
482 179 124
485 218 49
485 169 147
492 201 90
494 225 44
494 173 148
503 220 63
505 248 9
506 247 12
509 254 1
516 213 90
517 217 83
517 201 115
519 224 71
523 238 47
528 261 6
529 183 163
530 227 76
531 218 95
531 178 175
534 265 4
535 241 53
535 196 143
536 267 2
540 269 2
540 265 10
540 261 18
540 241 58
540 225 90
540 221 98
540 207 126
540 205 130
541 246 49
545 272 1
545 196 153
545 192 161
546 203 140
547 254 39
549 194 161
551 257 37
551 212 127
555 239 77
556 255 46
556 227 102
557 245 67
557 234 89
557 197 163
558 209 140
559 244 71
562 247 68
562 195 172
563 195 173
564 213 138
565 274 17
566 193 180
569 280 9
569 215 139
570 243 84
571 218 135
572 239 94
572 219 134
573 241 91
577 216 145
580 225 130
580 223 134
580 215 150
582 249 84
583 256 71
583 208 167
585 211 163
586 231 124
587 255 77
587 199 189
589 230 129
589 213 163
590 249 92
592 295 2
596 265 66
596 255 86
597 286 25
600 285 30
600 255 90
600 225 150
601 267 67
601 263 75
603 211 181
604 293 18
606 285 36
610 247 116
612 259 94
613 266 81
613 253 107
613 221 171
614 285 44
617 300 17
617 252 113
619 279 61
621 265 91
622 249 124
625 244 137
626 227 172
630 273 84
631 252 127
635 311 13
635 271 93
635 266 103
635 259 117
639 265 109
641 255 131
641 252 137
642 215 212
643 298 47
643 231 181
646 305 36
647 245 157
648 323 2
648 243 162
649 259 131
649 223 203
650 279 92
651 238 175
653 274 105
656 325 6
657 292 73
659 322 15
660 319 22
660 303 54
660 253 154
667 310 47
672 329 14
675 314 47
676 323 30
676 257 162
677 314 49
680 323 34
680 289 102
680 255 170
682 307 68
684 243 198
685 329 27
685 253 179
685 237 211
687 256 175
689 339 11
689 308 73
689 303 83
689 243 203
690 287 116
691 243 205
693 266 161
701 305 91
703 320 63
703 301 101
705 343 19
706 243 220
708 293 122
709 349 11
709 285 139
709 253 203
715 266 183
715 254 207
716 307 102
719 325 69
720 357 6
720 315 90
724 349 26
725 329 67
729 340 49
731 347 37
732 341 50
732 297 138
734 285 164
739 283 173
739 270 199
740 349 42
741 301 139
743 301 141
743 261 221
748 365 18
750 297 156
751 365 21
753 268 217
755 371 13
756 371 14
756 287 182
757 374 9
758 361 36
759 328 103
760 375 10
761 260 241
762 279 204
765 313 139
765 257 251
767 297 173
767 264 239
768 381 6
769 304 161
769 260 249
772 355 62
772 321 130
775 372 31
775 341 93
775 293 189
777 364 49
777 287 203
778 351 76
780 377 26
780 369 42
780 325 130
780 299 182
781 378 25
782 321 140
785 347 91
785 332 121
788 361 66
788 303 182
789 278 233
797 305 187
799 392 15
802 311 180
803 386 31
803 271 261
804 395 14
804 307 190
804 297 210
809 320 169
810 351 108
813 389 35
815 361 93
816 357 102
817 404 9
819 343 133
819 287 245
820 403 14
820 335 150
820 325 170
820 293 234
821 397 27
827 286 255
828 393 42
831 365 101
834 395 44
836 411 14
836 283 270
838 381 76
839 397 45
839 285 269
845 321 203
852 407 38
852 299 254
853 321 211
857 336 185
857 320 217
860 411 38
860 403 54
860 355 150
860 339 182
861 322 217
864 423 18
865 403 59
869 389 91
869 358 153
870 321 228
871 320 231
873 379 115
877 425 27
877 389 99
879 353 173
880 435 10
881 400 81
881 396 89
883 351 181
883 326 231
884 295 294
885 422 41
885 382 121
890 363 164
890 319 252
890 303 284
892 311 270
893 401 91
893 325 243
894 373 148
900 443 14
900 417 66
900 413 74
900 375 150
900 345 210
900 301 298
901 362 177
902 381 140
903 364 175
905 443 19
907 367 173
908 405 98
913 448 17
913 375 163
916 407 102
916 405 106
916 377 162
921 427 67
921 316 289
923 439 45
923 339 245
923 318 287
926 461 4
926 393 140
927 457 13
927 445 37
929 423 83
930 403 124
932 335 262
933 413 107
935 392 151
937 344 249
940 387 166
940 355 230
942 389 164
947 466 15
947 362 223
948 321 306
949 353 243
955 462 31
955 411 133
957 394 169
958 441 76
961 436 89
963 338 287
964 443 78
964 373 218
965 421 123
967 480 7
967 380 207
972 435 102
972 411 150
972 405 162
972 369 234
975 376 223
977 420 137
978 435 108
978 399 180
979 458 63
979 445 89
979 354 271
981 437 107
981 401 179
983 425 133
984 483 18
987 350 287
990 429 132
990 369 252
991 397 197
991 392 207
993 364 265
995 494 7
996 387 222
997 494 9
997 429 139
1000 475 50
1000 425 150
1000 375 250
1002 431 140
1003 466 71
1003 419 165
1006 337 332
1010 427 156
1010 407 196
1010 347 316
1011 487 37
1012 457 98
1012 355 302
1013 485 43
1014 365 284
1017 415 187
1019 418 183
1026 435 156
1026 383 260
1027 434 159
1030 493 44
1033 359 315
1035 514 7
1035 407 221
1037 490 57
1037 441 155
1041 443 155
1044 449 146
1044 405 234
1044 387 270
1058 363 332
1059 383 293
1059 379 301
1060 461 138
1062 405 252
1065 496 73
1068 491 86
1068 471 126
1068 383 302
1069 365 339
1071 392 287
1073 520 33
1074 383 308
1075 511 53
1077 445 187
1080 513 54
1080 459 162
1080 405 270
1081 455 171
1081 423 235
1081 376 329
1082 515 52
1082 511 60
1083 535 13
1084 529 26
1087 420 247
1091 523 45
1092 497 98
1097 539 19
1097 379 339
1100 531 38
