5 3 1
6 4 1
8 6 1
9 5 2
10 4 3
11 7 2
11 5 3
12 10 1
13 11 1
15 13 1
15 11 2
15 7 4
16 6 5
17 9 4
18 12 3
19 13 3
20 18 1
20 14 3
20 10 5
23 21 1
23 13 5
24 18 3
25 17 4
25 11 7
25 9 8
26 12 7
27 13 7
29 11 9
30 28 1
33 17 8
34 28 3
36 22 7
36 14 11
37 27 5
37 25 6
37 19 9
38 28 5
39 35 2
39 31 4
39 29 5
40 30 5
41 35 3
42 28 7
43 23 10
44 34 5
44 30 7
44 18 13
45 19 13
46 36 5
47 29 9
48 18 15
52 34 9
53 51 1
53 35 9
54 44 5
54 36 9
55 53 1
55 39 8
55 31 12
57 49 4
57 43 7
57 35 11
57 25 16
58 28 15
60 54 3
60 50 5
60 42 9
61 57 2
61 51 5
61 41 10
61 27 17
62 60 1
63 35 14
65 43 11
65 27 19
68 66 1
68 50 9
68 30 19
69 59 5
69 35 17
72 54 9
74 60 7
75 31 22
76 70 3
76 62 7
76 42 17
76 26 25
80 30 25
81 65 8
81 49 16
81 35 23
82 28 27
83 47 18
84 70 7
85 83 1
85 59 13
85 49 18
87 55 16
87 53 17
89 49 20
90 84 3
92 74 9
92 62 15
93 43 25
94 76 9
94 60 17
95 79 8
95 77 9
95 61 17
95 53 21
97 67 15
97 43 27
99 53 23
100 86 7
100 78 11
100 74 13
100 70 15
100 50 25
101 97 2
101 59 21
101 49 26
102 84 9
103 85 9
103 47 28
105 91 7
107 39 34
107 37 35
108 66 21
108 62 23
108 42 33
109 75 17
109 49 30
110 76 17
110 44 33
113 73 20
114 84 15
115 101 7
115 61 27
116 66 25
117 107 5
117 59 29
117 43 37
120 90 15
121 75 23
122 84 19
122 60 31
123 95 14
123 47 38
125 91 17
125 57 34
126 84 21
127 77 25
127 55 36
129 49 40
131 117 7
131 87 22
131 71 30
132 102 15
132 62 35
132 54 39
135 109 13
135 79 28
135 61 37
135 47 44
136 102 17
137 75 31
137 73 32
138 100 19
142 92 25
143 111 16
144 54 45
145 139 3
145 113 16
145 107 19
145 51 47
145 49 48
146 52 47
148 106 21
151 119 16
151 101 25
151 77 37
151 61 45
153 131 11
155 141 7
155 133 11
155 127 14
155 93 31
155 77 39
155 53 51
156 130 13
156 102 27
162 140 11
162 108 27
163 71 46
164 150 7
164 138 13
164 90 37
165 59 53
166 76 45
167 157 5
167 77 45
169 99 35
170 76 47
171 157 7
172 114 29
172 102 35
172 74 49
173 97 38
174 148 13
178 68 55
179 151 14
179 61 59
180 166 7
180 162 9
180 146 17
180 126 27
180 110 35
180 94 43
180 70 55
181 91 45
183 181 1
185 179 3
185 177 4
185 97 44
187 135 26
187 79 54
188 110 39
189 91 49
190 92 49
190 84 53
191 181 5
193 161 16
193 121 36
194 180 7
195 103 46
197 163 17
197 99 49
197 73 62
199 173 13
199 165 17
199 101 49
199 93 53
200 150 25
201 107 47
202 188 7
204 90 57
204 74 65
205 91 57
207 109 49
210 196 7
211 181 15
211 149 31
211 141 35
211 135 38
211 119 46
211 87 62
212 210 1
213 91 61
214 196 9
214 148 33
214 108 53
216 162 27
218 116 51
220 198 11
220 182 19
220 170 25
220 154 33
220 150 35
220 118 51
220 90 65
221 155 33
222 180 21
223 141 41
225 179 23
227 173 27
227 143 42
227 79 74
227 77 75
228 226 1
228 210 9
228 206 11
228 186 21
228 126 51
228 106 61
229 225 2
229 219 5
230 84 73
231 119 56
233 201 16
233 83 75
234 116 59
235 159 38
236 206 15
237 203 17
239 149 45
240 90 75
241 179 31
241 121 60
243 157 43
243 101 71
244 214 15
244 146 49
244 94 75
246 196 25
247 205 21
249 233 8
249 161 44
251 237 7
251 87 82
252 154 49
252 98 77
253 161 46
253 115 69
254 180 37
257 203 27
257 139 59
260 246 7
260 178 41
260 174 43
260 170 45
260 162 49
260 158 51
260 142 59
260 106 77
261 187 37
261 161 50
261 97 82
262 212 25
262 180 41
263 255 4
263 253 5
263 213 25
263 151 56
268 246 11
268 202 33
268 98 85
269 163 53
269 105 82
270 252 9
270 164 53
271 255 8
272 102 85
273 245 14
273 217 28
273 203 35
274 204 35
275 237 19
276 222 27
276 186 45
276 110 83
277 163 57
278 212 33
279 181 49
279 133 73
279 125 77
279 95 92
281 241 20
281 195 43
281 179 51
281 121 80
282 228 27
284 198 43
285 107 89
290 284 3
290 228 31
291 239 26
291 175 58
291 157 67
292 154 69
292 142 75
294 196 49
295 279 8
295 263 16
297 227 35
297 137 80
298 276 11
298 172 63
299 191 54
300 258 21
300 250 25
300 234 33
300 222 39
300 210 45
300 106 97
302 252 25
305 177 64
306 252 27
307 237 35
307 159 74
310 124 93
311 271 20
311 181 65
311 151 80
313 203 55
313 201 56
315 133 91
316 262 27
316 206 55
317 305 6
317 203 57
321 227 47
321 187 67
321 185 68
321 161 80
323 301 11
323 213 55
324 218 53
324 198 63
324 126 99
324 110 107
325 259 33
325 129 98
327 253 37
330 228 51
331 319 6
331 231 50
332 242 45
332 238 47
332 194 69
333 163 85
333 155 89
334 316 9
334 220 57
335 207 64
339 311 14
339 301 19
339 293 23
340 330 5
340 322 9
340 250 45
340 198 71
340 134 103
341 329 6
342 252 45
345 203 71
345 139 103
345 137 104
346 212 67
347 253 47
347 157 95
348 310 19
348 198 75
348 178 85
349 265 42
349 209 70
351 197 77
353 307 23
353 203 75
354 308 23
355 311 22
355 279 38
355 239 58
355 167 94
356 314 21
356 306 25
356 242 57
356 202 77
358 308 25
359 229 65
360 270 45
362 268 47
362 204 79
363 173 95
363 127 118
365 347 9
365 241 62
366 252 57
366 172 97
367 343 12
367 157 105
369 289 40
369 281 44
370 196 87
372 370 1
372 154 109
373 355 9
373 313 30
373 257 58
373 217 78
373 145 114
374 140 117
375 341 17
377 283 47
377 139 119
378 308 35
378 252 63
380 378 1
380 350 15
380 310 35
380 294 43
380 254 63
380 210 85
380 130 125
381 307 37
381 289 46
381 251 65
383 271 56
387 343 22
387 263 62
387 245 71
388 298 45
388 182 103
388 178 105
388 130 129
389 339 25
389 323 33
389 203 93
390 308 41
390 196 97
391 237 77
395 359 18
395 357 19
395 301 47
395 159 118
396 350 23
396 346 25
396 306 45
396 186 105
396 162 117
397 369 14
397 353 22
397 345 26
397 313 42
399 343 28
399 301 49
399 245 77
399 175 112
400 150 125
401 387 7
401 281 60
401 257 72
403 317 43
403 213 95
404 198 103
407 399 4
408 306 51
409 265 72
409 179 115
410 396 7
410 156 127
414 300 57
415 389 13
415 333 41
415 293 61
415 239 88
419 343 38
419 279 70
420 350 35
421 387 17
421 385 18
421 331 45
421 281 70
422 372 25
422 244 89
422 204 109
423 301 61
423 293 65
423 271 76
425 313 56
425 273 76
425 259 83
425 251 87
425 203 111
426 276 75
428 358 35
429 419 5
429 193 118
430 236 97
432 162 135
433 393 20
433 361 36
433 201 116
435 151 142
436 394 21
436 310 63
436 306 65
436 182 127
437 259 89
439 271 84
439 175 132
441 245 98
443 333 55
443 253 95
444 350 47
444 318 63
444 230 107
445 233 106
446 252 97
447 413 17
447 245 101
447 175 136
449 353 48
450 308 71
450 236 107
450 188 131
451 415 18
451 367 42
451 175 138
452 434 9
452 254 99
453 275 89
454 228 113
454 196 129
457 379 39
457 377 40
457 323 67
457 177 140
458 356 51
458 332 63
460 370 45
460 178 141
461 441 10
461 419 21
461 171 145
463 437 13
463 277 93
463 231 116
465 403 31
465 401 32
465 341 62
465 217 124
466 364 51
467 157 155
468 306 81
468 290 89
468 286 91
468 218 125
468 182 143
470 252 109
471 431 20
471 391 40
473 243 115
473 201 136
474 308 83
475 333 71
475 269 103
477 337 70
478 468 5
478 196 141
479 255 112
479 229 125
481 409 36
481 209 136
483 413 35
483 245 119
484 226 129
485 417 34
485 401 42
485 369 58
485 323 81
485 179 153
485 177 154
486 364 61
486 324 81
487 479 4
487 357 65
487 327 80
487 269 109
487 239 124
489 433 28
489 235 127
491 421 35
491 389 51
491 237 127
492 418 37
492 414 39
492 270 111
493 361 66
494 484 5
495 311 92
498 228 135
499 175 162
500 438 31
500 430 35
500 370 65
500 350 75
500 282 109
500 250 125
502 412 45
503 455 24
505 419 43
505 289 108
505 209 148
505 203 151
506 380 63
507 367 70
508 378 65
508 306 101
508 190 159
509 483 13
509 345 82
510 364 73
510 228 141
510 196 157
513 257 128
515 471 22
515 327 94
515 213 151
516 342 87
516 266 125
516 222 147
517 417 50
519 343 88
521 465 28
521 441 40
521 305 108
522 444 39
523 493 15
523 423 50
524 230 147
526 332 97
526 212 157
526 196 165
531 421 55
534 364 85
534 244 145
534 204 165
540 498 21
540 486 27
540 478 31
540 438 51
540 378 81
540 330 105
540 310 115
540 254 143
540 210 165
541 529 6
541 419 61
541 417 62
541 291 125
542 308 117
543 535 4
543 413 65
545 433 56
545 211 167
547 429 59
547 247 150
548 302 123
548 238 155
549 481 34
549 283 133
555 509 23
555 229 163
557 227 165
557 225 166
558 436 61
559 525 17
559 285 137
559 271 144
559 253 153
561 505 28
561 401 80
562 508 27
563 453 55
564 506 29
564 406 79
564 350 107
564 330 117
565 561 2
565 521 22
565 499 33
565 409 78
565 243 161
565 233 166
566 404 81
567 455 56
567 343 112
567 245 161
569 553 8
570 276 147
570 252 159
571 527 22
571 359 106
571 207 182
572 518 27
572 302 135
573 553 10
575 421 77
575 381 97
575 367 104
575 317 129
577 419 79
577 259 159
577 217 180
578 516 31
578 276 151
579 391 94
579 253 163
579 199 190
580 578 1
580 454 63
580 434 73
580 398 91
580 330 125
580 314 133
580 278 151
582 540 21
583 373 105
583 221 181
585 361 112
586 436 75
586 372 107
586 252 167
586 196 195
587 343 122
587 277 155
588 490 49
589 435 77
590 492 49
590 468 61
591 269 161
593 523 35
596 574 11
598 412 93
600 450 75
601 507 47
604 586 9
604 398 103
604 370 117
605 523 41
607 533 37
607 269 169
607 237 185
609 385 112
609 371 119
610 396 107
611 597 7
611 567 22
611 287 162
611 245 183
611 239 186
612 490 61
612 270 171
612 222 195
613 585 14
613 483 65
613 361 126
613 243 185
613 241 186
615 559 28
617 569 24
617 539 39
619 341 139
620 558 31
620 434 93
620 402 109
620 374 123
622 412 105
625 483 71
626 332 147
627 389 119
628 558 35
628 518 55
628 246 191
629 515 57
629 313 158
630 588 21
631 407 112
631 389 121
634 364 135
635 519 58
635 509 63
635 293 171
636 630 3
636 334 151
639 389 125
639 293 173
642 588 27
642 548 47
642 460 91
642 444 99
642 324 159
645 587 29
645 371 137
645 227 209
646 580 33
648 486 81
649 419 115
649 379 135
649 339 155
649 289 180
649 265 192
650 644 3
650 396 127
652 322 165
652 282 185
653 651 1
653 611 21
654 356 149
655 511 72
655 341 157
657 523 67
657 497 80
657 427 115
657 365 146
659 549 55
659 405 127
660 594 33
660 546 57
660 510 75
660 462 99
660 354 153
660 310 175
660 270 195
661 441 110
662 324 169
663 653 5
666 540 63
667 655 6
667 527 70
667 439 114
668 602 33
668 586 41
668 266 201
669 329 170
670 612 29
670 556 57
670 412 129
671 357 157
673 225 224
674 244 215
675 557 59
676 610 33
676 570 53
676 434 121
677 337 170
677 259 209
678 292 193
680 510 85
682 388 147
683 581 51
684 630 27
684 618 33
684 558 63
684 514 85
684 454 115
684 418 133
684 378 153
684 318 183
684 266 209
685 627 29
685 521 82
685 441 122
685 403 141
685 249 218
689 233 228
690 252 219
691 647 22
691 559 66
691 471 110
692 658 17
692 630 31
693 371 161
694 468 113
694 364 165
694 316 189
694 284 205
695 613 41
697 627 35
697 579 59
697 259 219
701 345 178
702 348 177
703 637 33
705 433 136
705 353 176
706 396 155
708 618 45
708 286 211
709 265 222
711 565 73
711 469 121
713 363 175
715 567 74
716 630 43
716 306 205
717 643 37
717 443 137
719 541 89
720 270 225
722 548 87
724 686 19
724 550 87
725 449 138
725 369 178
726 532 97
727 447 140
727 439 144
727 325 201
730 676 27
731 495 118
731 455 138
731 431 150
732 438 147
732 310 211
732 282 225
732 262 235
733 707 13
733 363 185
735 637 49
737 433 152
738 588 75
739 469 135
739 359 190
740 534 103
740 530 105
740 306 217
741 595 73
741 539 101
743 501 121
745 649 48
745 451 147
745 259 243
746 652 47
747 637 55
747 503 122
747 317 215
748 598 75
748 386 181
751 487 132
753 635 59
754 604 75
755 733 11
755 437 159
755 357 199
756 462 147
756 434 161
756 294 231
757 505 126
758 540 109
759 493 133
759 391 184
761 635 63
761 481 140
762 460 151
764 718 23
764 714 25
764 630 67
764 338 213
766 412 177
767 717 25
767 679 44
767 597 85
767 493 137
769 409 180
769 339 215
771 287 242
772 658 57
772 610 81
772 478 147
772 334 219
773 635 69
774 740 17
775 527 124
775 413 181
775 279 248
778 468 155
779 485 147
780 738 21
780 706 37
780 650 65
780 534 123
780 510 135
780 486 147
780 426 177
780 362 209
780 298 241
783 781 1
785 723 31
785 619 83
786 652 67
787 727 30
787 375 206
788 638 75
788 618 85
788 506 141
789 713 38
790 476 157
790 372 209
794 308 243
795 733 31
796 486 155
797 579 109
797 563 117
797 433 182
801 769 16
801 739 31
801 457 172
801 427 187
802 660 71
803 493 155
803 485 159
803 301 251
804 766 19
804 738 33
804 606 99
804 550 127
809 793 8
809 665 72
809 451 179
810 756 27
810 716 47
810 492 159
811 805 3
811 687 62
811 647 82
811 557 127
811 511 150
811 341 235
813 697 58
813 553 130
814 716 49
814 340 237
815 559 128
815 471 172
815 429 193
816 306 255
818 740 39
819 749 35
819 413 203
819 301 259
820 758 31
820 750 35
820 738 41
820 690 65
820 574 123
820 526 147
820 450 185
820 366 227
820 326 247
821 817 2
821 705 58
821 585 118
822 612 105
823 813 5
823 551 136
825 521 152
825 329 248
827 605 111
827 343 242
828 666 81
828 558 135
828 482 173
828 330 249
829 819 5
829 745 42
829 481 174
831 679 76
831 631 100
834 604 115
835 613 111
836 754 41
839 493 173
841 731 55
841 651 95
841 291 275
842 548 147
842 292 275
843 413 215
844 670 87
845 289 278
845 283 281
846 684 81
846 476 185
849 643 103
850 788 31
851 791 30
851 749 51
851 637 107
851 631 110
851 439 206
851 341 255
852 594 129
852 458 197
853 641 106
853 473 190
855 559 148
857 699 79
857 545 156
857 459 199
859 791 34
860 570 145
860 510 175
860 370 245
860 322 269
861 665 98
861 329 266
862 692 85
863 845 9
863 525 169
865 339 263
869 393 238
870 764 53
870 684 93
871 599 136
871 311 280
873 643 115
873 587 143
873 353 260
874 404 235
876 590 143
876 462 207
876 426 225
877 835 21
877 449 214
877 337 270
877 323 277
877 307 285
878 548 165
878 332 273
879 413 233
879 341 269
882 588 147
883 493 195
883 391 246
884 558 163
884 354 265
886 660 113
886 652 117
887 455 216
894 884 5
894 828 33
894 724 85
894 628 133
894 516 189
895 797 49
895 383 256
897 893 2
897 827 35
897 707 95
898 436 231
900 830 35
900 774 63
900 730 85
900 702 99
900 666 117
900 630 135
900 550 175
900 526 187
900 470 215
900 350 275
900 318 291
901 411 245
902 532 185
903 343 280
905 681 112
905 489 208
906 860 23
906 756 75
906 500 203
907 439 234
907 399 254
909 553 178
911 815 48
911 709 101
911 437 237
913 873 20
913 713 100
913 497 208
915 677 119
915 581 167
916 402 257
916 334 291
918 756 81
918 308 305
921 697 112
922 580 171
923 381 271
924 434 245
925 601 162
925 457 234
925 403 261
927 479 224
929 833 48
930 868 31
930 364 283
932 582 175
932 414 259
933 875 29
933 833 50
933 491 221
935 877 29
935 767 84
935 743 96
935 711 112
935 639 148
935 581 177
937 449 244
939 749 95
939 709 115
940 550 195
940 474 233
940 314 313
941 499 221
941 345 298
943 607 168
943 421 261
945 763 91
945 553 196
945 329 308
946 532 207
947 823 62
947 373 287
948 922 13
948 826 61
948 618 165
949 899 25
949 731 109
951 599 176
953 825 64
953 753 100
953 707 123
953 577 188
953 395 279
954 788 83
954 764 95
955 871 42
955 397 279
957 673 142
958 900 29
958 516 221
961 891 35
961 867 47
961 361 300
963 437 263
964 894 35
964 514 225
964 358 303
965 713 126
965 601 182
965 369 298
966 700 133
967 735 116
967 639 164
967 407 280
971 957 7
971 701 135
971 677 147
972 830 71
972 654 159
972 594 189
972 530 221
972 378 297
974 556 209
974 508 233
975 973 1
977 897 40
977 547 215
978 692 143
978 428 275
979 623 178
979 445 267
981 731 125
981 475 253
983 381 301
985 929 28
985 913 36
985 657 164
985 441 272
985 337 324
990 908 41
990 684 153
991 911 40
991 831 80
991 637 177
993 577 208
995 591 202
995 399 298
996 726 135
997 763 117
997 587 205
998 548 225
1000 750 125
1002 948 27
1002 892 55
1002 604 199
1003 341 331
1005 833 86
1005 577 214
1006 932 37
1007 349 329
1009 769 120
1009 633 188
1009 489 260
1009 361 324
1010 684 163
1011 965 23
1012 882 65
1012 782 115
1012 690 161
1012 414 299
1013 345 334
1014 764 125
1017 905 56
1019 791 114
1019 583 218
1020 854 83
1020 658 181
1020 370 325
1021 467 277
1025 963 31
1026 836 95
1026 756 135
1027 877 75
1027 679 174
1028 846 91
1028 398 315
1031 797 117
1031 527 252
1031 431 300
1033 841 96
1033 691 171
1034 860 87
1034 644 195
1035 1007 14
1037 769 134
1037 737 150
1037 507 265
1037 435 301
1038 620 209
1039 853 93
1041 521 260
1041 497 272
1044 930 57
1044 594 225
1044 534 255
1045 713 166
1045 587 229
1047 917 65
1047 775 136
1051 367 342
1055 1053 1
1055 791 132
1055 629 213
1059 383 338
1060 1050 5
1060 502 279
1061 905 78
1061 801 130
1061 617 222
1062 964 49
1062 924 69
1063 397 333
1065 1001 32
1065 811 127
1066 596 235
1067 1013 27
1068 942 63
1068 918 75
1068 726 171
1068 606 231
1071 917 77
1075 789 143
1075 709 183
1076 786 145
1076 530 273
1076 450 313
1077 899 89
1077 593 242
1079 885 97
1079 599 240
1080 810 135
1081 1017 32
1081 1001 40
1081 987 47
1081 611 235
1082 980 51
1083 821 131
1084 686 199
1084 614 235
1084 586 249
1084 566 259
1084 510 287
1084 498 293
1086 804 141
1086 612 237
1087 919 84
1087 733 177
1087 727 180
1087 709 189
1089 1003 43
1089 569 260
1092 910 91
1093 673 210
1093 617 238
1094 868 113
1094 716 189
1095 1031 32
1095 637 229
1097 1057 20
1097 1003 47
1097 825 136
1097 747 175
1097 569 264
1097 547 275
1098 756 171
1098 556 271
1098 516 291
1100 946 77
1100 910 95
1100 862 119
1100 858 121
1100 850 125
1100 814 143
1100 770 165
1100 750 175
1100 602 249
1100 450 325
