2 1
3 1
4 1
5 2
6 1
7 1
9 1
10 3
11 2
12 3
14 5
15 1
17 3
18 3
20 3
21 2
22 1
23 5
25 3
28 1
29 2
30 1
31 3
33 10
34 7
35 2
36 9
39 4
41 3
42 7
44 5
46 1
47 5
49 9
52 3
54 9
55 7
57 4
58 19
60 1
62 29
63 1
65 18
66 3
68 9
71 6
73 25
74 35
76 21
79 9
81 4
84 5
86 21
87 13
89 38
90 27
92 21
93 2
94 21
95 11
97 6
98 11
100 15
102 29
103 9
105 4
106 15
108 17
110 33
111 10
113 9
118 33
119 8
121 18
123 2
124 19
126 21
127 1
129 5
130 3
132 17
134 57
135 11
137 21
140 15
142 21
145 52
146 71
147 14
148 27
150 53
151 3
153 1
154 15
155 62
156 9
159 31
161 18
162 27
166 37
167 6
169 34
170 11
172 1
174 13
175 6
177 8
178 31
180 3
182 81
183 56
185 24
186 11
191 9
193 15
194 87
196 3
198 9
199 34
201 14
202 55
204 27
207 43
209 6
210 7
212 105
214 73
215 23
217 45
218 11
220 7
223 33
225 32
228 113
231 26
233 74
234 31
236 5
238 73
239 36
241 70
242 95
244 111
247 82
249 35
250 103
252 15
253 46
255 52
257 12
258 71
260 15
263 93
265 42
266 47
268 25
270 53
271 58
273 23
274 67
276 63
278 5
279 5
281 93
282 35
284 53
286 69
287 71
289 21
292 37
294 33
295 48
297 5
300 5
302 41
303 1
305 102
308 15
310 93
313 79
314 15
316 63
318 45
319 36
321 31
322 67
324 51
327 34
329 50
330 99
332 89
333 2
337 55
340 45
342 125
343 75
345 22
346 63
348 103
350 53
351 34
353 69
354 99
358 57
359 68
362 63
364 9
366 29
367 21
369 91
370 139
372 111
375 16
377 41
378 43
380 47
382 81
383 90
385 6
386 83
388 159
390 9
391 28
393 7
394 135
396 25
399 26
401 152
402 171
404 65
406 141
407 71
409 87
412 147
414 13
415 102
417 107
418 199
420 7
422 149
423 25
425 12
426 63
428 105
431 120
433 33
436 165
438 65
439 49
441 7
444 81
446 105
447 73
449 134
450 47
455 38
457 16
458 203
460 19
462 73
463 93
465 31
468 27
470 9
471 1
473 200
474 191
476 9
478 121
479 104
481 138
484 105
486 81
487 94
489 83
490 219
492 7
494 17
495 76
497 78
498 155
500 27
503 3
505 156
506 23
508 9
510 69
511 10
513 26
514 67
516 21
518 33
519 79
521 32
522 39
524 167
526 97
527 47
529 42
532 1
534 161
537 94
538 195
540 9
543 16
545 122
550 193
551 135
553 39
556 153
558 73
559 34
561 71
564 163
566 153
567 28
569 77
570 67
574 13
575 146
577 25
580 237
582 85
583 130
585 88
588 35
590 93
593 86
594 19
596 273
599 30
601 201
602 215
604 105
606 165
607 105
609 31
610 127
612 81
614 45
615 211
617 200
618 295
620 9
622 297
623 68
625 133
626 251
628 223
631 307
633 101
634 39
636 217
639 16
641 11
642 119
646 249
647 5
649 37
650 3
651 14
652 93
654 33
655 88
657 38
658 55
660 11
662 21
663 107
665 33
668 147
670 153
671 15
673 28
676 31
679 66
682 171
684 209
686 197
687 13
689 14
690 79
692 299
694 169
695 177
697 267
698 215
700 75
702 37
705 17
708 15
711 92
713 41
714 23
716 183
718 165
719 150
721 9
722 231
724 207
726 5
727 180
729 58
730 147
732 343
735 44
737 5
738 347
740 135
742 85
743 90
745 258
746 351
748 19
750 309
751 18
753 158
754 19
756 45
758 233
759 98
761 3
762 83
767 168
769 120
772 7
774 185
775 93
777 29
778 375
780 13
782 329
783 68
785 92
791 30
793 253
794 143
798 53
799 25
801 217
804 75
806 21
807 7
809 15
810 159
812 29
814 21
815 333
817 52
818 119
820 123
822 17
823 9
825 38
826 255
828 189
831 49
833 149
834 15
838 61
839 54
841 144
842 47
844 105
845 2
846 105
847 136
849 253
850 111
852 159
855 29
857 119
858 207
860 35
861 14
862 349
865 1
866 75
868 145
870 301
871 378
873 352
876 149
879 11
881 78
882 99
884 173
887 147
889 127
890 183
892 31
894 173
895 12
897 113
898 207
900 1
902 21
903 35
905 117
906 123
908 143
911 204
913 91
916 183
918 77
919 36
921 221
924 31
926 365
927 403
930 31
932 177
935 417
937 217
938 207
942 45
943 24
945 77
948 189
951 260
953 168
954 131
956 305
959 143
961 18
964 103
966 201
967 36
969 31
972 7
975 19
977 15
979 178
982 177
983 230
985 222
986 3
988 121
990 161
991 39
993 62
994 223
996 65
998 101
999 59
1001 17
1007 75
1009 55
1010 99
1012 115
1014 385
1015 186
1020 135
1022 317
1023 7
1025 294
1026 35
1028 119
1029 98
1030 93
1031 68
1033 108
1034 75
1036 411
1039 21
1041 412
1042 439
1044 41
1047 10
1049 141
1050 159
1052 291
1054 105
1055 24
1057 198
1058 27
1060 439
1062 49
1063 168
1065 463
1071 7
1078 361
1079 230
1081 24
1082 407
1084 189
1085 62
1086 189
1087 112
1089 91
1090 79
1092 23
1094 57
1095 139
1097 14
1098 83
1100 35
